1 0
1
1012.9
762.4
596.9
785.2
723.9
684.9
642.6
1137.6
587.9
887.2
952.8
797
906.3
582.6
1037.8
661.7
694.2
453.9
789.8
1176.7
781.5
871.5
651.2
969.6
956.6
638.8
814.4
923.8
800.9
948
767.7
1074.5
557.1
841.8
968.9
778.7
899.7
872.8
740.9
802.7
1012.9
1012.9
762.4
762.4
596.9
596.9
785.2
785.2
723.9
723.9
684.9
684.9
642.6
642.6
1137.6
1137.6
587.9
587.9
887.2
887.2
952.8
952.8
797
797
906.3
906.3
582.6
582.6
1037.8
1037.8
661.7
661.7
694.2
694.2
453.9
453.9
789.8
789.8
1176.7
1176.7
781.5
781.5
871.5
871.5
651.2
651.2
969.6
969.6
956.6
956.6
638.8
638.8
814.4
814.4
923.8
923.8
800.9
800.9
948
948
767.7
767.7
1074.5
1074.5
557.1
557.1
841.8
841.8
968.9
968.9
778.7
778.7
899.7
899.7
872.8
872.8
740.9
740.9
802.7
802.7